r, offset_x, offset_y, offset_z
0.01, 0.0118007, 0.0175738, 0.101385
0.01, 0.0318007, -0.0224262, 0.0813847
0.01, 0.0318007, -0.00242618, 0.0813847
0.01, 0.0318007, -0.00242618, 0.101385
0.01, 0.0318007, 0.0175738, 0.101385
0.01, 0.0518007, -0.0424262, 0.0813847
0.01, 0.0518007, -0.0224262, 0.0813847
0.01, 0.0518007, -0.0224262, 0.101385
0.01, 0.0518007, -0.00242618, 0.0813847
0.01, 0.0518007, -0.00242618, 0.101385
0.01, 0.0518007, 0.0175738, 0.101385
0.01, 0.0518007, 0.0375738, 0.101385
0.01, 0.0518007, 0.0575738, 0.101385
0.01, 0.0518007, 0.0775738, 0.101385
0.01, 0.0518007, 0.0975738, 0.101385
0.01, 0.0518007, 0.117574, 0.0813847
0.01, 0.0718007, -0.0424262, 0.0813847
0.01, 0.0718007, -0.0224262, 0.0813847
0.01, 0.0718007, -0.0224262, 0.101385
0.01, 0.0718007, -0.00242618, 0.0813847
0.01, 0.0718007, -0.00242618, 0.101385
0.01, 0.0718007, 0.0175738, 0.0813847
0.01, 0.0718007, 0.0175738, 0.101385
0.01, 0.0718007, 0.0375738, 0.101385
0.01, 0.0718007, 0.0575738, 0.101385
0.01, 0.0718007, 0.0775738, 0.101385
0.01, 0.0718007, 0.117574, 0.0813847
0.01, 0.0718007, 0.137574, 0.0613847
0.01, 0.0918007, -0.0224262, 0.0813847
0.01, 0.0918007, -0.00242618, 0.0813847
0.01, 0.0918007, -0.00242618, 0.101385
0.01, 0.0918007, 0.0175738, 0.0813847
0.01, 0.0918007, 0.0175738, 0.101385
0.01, 0.0918007, 0.0375738, 0.0813847
0.01, 0.0918007, 0.0375738, 0.101385
0.01, 0.0918007, 0.0575738, 0.0813847
0.01, 0.0918007, 0.0575738, 0.101385
0.01, 0.0918007, 0.0775738, 0.0813847
0.01, 0.0918007, 0.0975738, 0.0613847
0.01, 0.0918007, 0.0975738, 0.0813847
0.01, 0.0918007, 0.117574, 0.0613847
0.01, 0.111801, -0.00242618, 0.0813847
0.01, 0.111801, 0.0175738, 0.0813847
0.01, 0.111801, 0.0375738, 0.0613847
0.01, 0.111801, 0.0375738, 0.0813847
0.01, 0.111801, 0.0575738, 0.0613847
0.01, 0.111801, 0.0575738, 0.0813847
0.01, 0.111801, 0.0775738, 0.0613847
0.01, 0.111801, 0.0975738, 0.0613847
0.01, 0.131801, 0.0175738, 0.0613847
